___________________________  input layer  ___________________________

weights:
[0.9183647, -0.2165238, -0.9027278, -0.8530563, -0.7651613, 0.3633058 , 1.0494858, 1.4132266 ],
[1.1599064, -0.9078919, -0.5623593, 1.2037981 , -0.1848304, -0.1501519, 0.5641301, -0.4839021]

biases:
[-0.0181035, 0.0175493, -0.0299579, -0.049231, -0.037105, -0.0509309, -0.000438, 0.0087959]

___________________________  hidden layer  ___________________________

weights:
[0.1539571 , -0.4852698, -0.0397455, -0.1947116, -0.040428 , 0.172862  , 0.2637546 , -0.0877902],
[-0.4999909, 0.3149076 , -0.0377966, -0.5745198, 0.0649392 , 0.1374006 , 0.2071551 , 0.6285341 ],
[0.2001776 , -0.0679418, -0.4074412, -0.6223763, -0.3952622, -0.40207  , -0.0587809, -0.1671807],
[-0.0196492, 0.3912378 , 0.1271754 , 0.1621376 , 0.1364831 , 0.1189386 , 0.1068788 , 0.0822963 ],
[-0.0118195, -0.5467399, -0.0273693, -0.0786805, -0.1966725, 0.2267221 , 0.0531757 , 0.5611477 ],
[-0.1473983, 0.0675979 , 0.2266318 , 0.1112711 , 0.2842329 , -0.1829835, 0.167146  , 0.6426517 ],
[0.0333768 , -0.1333197, 0.3941232 , 0.0198562 , -0.4633707, -0.3824845, -0.1344256, -0.000053 ],
[0.4350313 , 0.2294483 , 0.2508849 , -0.2701183, -0.2677753, -0.5667552, -0.0169191, 0.4365489 ]

biases:
[-0.0272896, 0.0093794, 0.1049009, 0.0696393, 0.0296191, -0.0063859, -0.0426987, -0.004697]

___________________________  output layer  ___________________________
weights:
[-0.3888543, 0.1412945 , 0.1128749 , 0.1755352 ],
[0.0430812 , -0.5693547, -0.1398667, -0.5245187],
[0.0943676 , 0.6002328 , 0.0746403 , -0.2873545],
[-0.097713 , 0.1456762 , 0.1285819 , -0.0674137],
[0.123747  , -0.4716521, -0.0777537, 0.1834632 ],
[0.0311516 , 0.4812126 , 0.6825157 , 0.1501731 ],
[0.26817   , -0.37921  , 0.2770424 , -0.6917818],
[-0.3430906, 0.0736244 , -0.2419323, 0.2596992 ]

biases:
[-0.0283592, -0.0392101, 0.0813449, 0.0223607]
